SMA  4.4905600000e-01  0.0000000000e+00  0.0000000000e+00  0.0000000000e+00  0.0000000000e+00
PMA  0.0000000000e+00  0.0000000000e+00  0.0000000000e+00  0.0000000000e+00  0.0000000000e+00
SRA  4.3107688414e-01  0.0000000000e+00  0.0000000000e+00  0.0000000000e+00  0.0000000000e+00 
PRA  1.4597158101e-01  0.0000000000e+00 -1.0000000000e+00  0.0000000000e+00  0.0000000000e+00 
PER  1.4766220000e+02  0.0000000000e+00 -1.0000000000e+00  0.0000000000e+00  0.0000000000e+00 
INC  9.0000000000e+01  0.0000000000e+00 -1.0000000000e+00  0.0000000000e+00  0.0000000000e+00 
EPO  1.7694773000e+02  0.0000000000e+00 -1.0000000000e+00  0.0000000000e+00  0.0000000000e+00 
ZPT  0.0000000000e+00  0.0000000000e+00 -1.0000000000e+00  0.0000000000e+00  0.0000000000e+00 
ALB  0.0000000000e+00  0.0000000000e+00  0.0000000000e+00  0.0000000000e+00  0.0000000000e+00 
NL1  6.5010000000e-01  0.0000000000e+00  0.0000000000e+00  0.0000000000e+00  0.0000000000e+00 
NL2  3.0310000000e-01  0.0000000000e+00  0.0000000000e+00  0.0000000000e+00  0.0000000000e+00 
NL3 -2.1370000000e-01  0.0000000000e+00  0.0000000000e+00  0.0000000000e+00  0.0000000000e+00 
NL4  9.1900000000e-02  0.0000000000e+00  0.0000000000e+00  0.0000000000e+00  0.0000000000e+00 
ECW  0.0000000000e+00  0.0000000000e+00  0.0000000000e+00  0.0000000000e+00  0.0000000000e+00 
ESW  0.0000000000e+00  0.0000000000e+00  0.0000000000e+00  0.0000000000e+00  0.0000000000e+00 
TED  0.0000000000e+00  0.0000000000e+00  0.0000000000e+00  0.0000000000e+00  0.0000000000e+00 
VOF  0.0000000000e+00  0.0000000000e+00  0.0000000000e+00  0.0000000000e+00  0.0000000000e+00 
DIL  0.0000000000e+00  0.0000000000e+00  0.0000000000e+00  0.0000000000e+00  0.0000000000e+00 
OFF  2.9023330413e-01  3.5382503226e+00 